1 1 1 1
5
5 55 100 5
5
100
1 1 22 0 135
2 2 21 0 341
5 3 53 0 430
6 4 44 1 478 (5,3)
7 5 4 0 523
11 6 31 0 286
14 7 33 0 361
17 8 45 1 382 (1,5)
20 9 38 1 269 (2,2)
24 10 25 1 187 (1,5)
26 11 20 0 224
29 12 39 1 147 (4,5)
32 13 17 0 427
34 14 53 0 528
34 15 46 0 373
36 16 36 1 322 (4,2)
39 17 50 1 415 (1,5)
41 18 26 0 327
43 19 27 0 543
45 20 35 0 523
46 21 48 0 101
50 22 33 0 458
52 23 21 1 504 (2,5)
55 24 22 1 320 (5,2)
56 25 47 1 430 (3,1)
58 26 33 1 443 (4,1)
61 27 52 0 31
62 28 20 1 76 (5,2)
62 29 12 1 451 (4,2)
66 30 15 1 459 (5,3)
70 31 31 0 262
74 32 52 0 446
78 33 51 0 454
80 34 10 1 298 (2,1)
80 35 13 0 386
83 36 42 0 274
83 37 9 1 24 (2,5)
84 38 5 1 265 (1,3)
84 39 17 1 444 (4,2)
87 40 24 1 366 (4,5)
87 41 16 0 450
88 42 24 0 98
92 43 28 0 42
94 44 24 0 452
98 45 28 0 117
98 46 49 0 490
102 47 27 0 545
106 48 22 0 152
106 49 32 0 545
110 50 23 1 470 (3,1)
111 51 24 0 328
115 52 3 1 186 (4,3)
117 53 19 1 72 (3,5)
117 54 29 1 53 (5,4)
120 55 18 1 121 (1,1)
122 56 31 0 186
125 57 40 0 16
128 58 40 1 113 (4,5)
129 59 47 1 18 (3,3)
131 60 50 0 519
131 61 11 0 356
132 62 41 1 26 (1,3)
132 63 55 1 21 (5,3)
136 64 30 0 298
140 65 19 0 117
142 66 6 0 38
142 67 37 1 461 (4,4)
144 68 22 0 141
144 69 44 0 133
148 70 29 0 397
150 71 3 1 536 (5,3)
154 72 5 1 165 (4,5)
158 73 44 0 214
159 74 14 0 509
159 75 53 1 222 (5,5)
162 76 39 1 313 (5,5)
166 77 50 1 212 (2,4)
166 78 36 0 408
168 79 28 0 73
169 80 15 1 134 (2,3)
171 81 42 1 169 (2,5)
173 82 23 1 238 (2,2)
175 83 55 0 82
175 84 36 1 307 (4,4)
177 85 36 0 300
177 86 32 1 1 (2,2)
181 87 12 0 189
182 88 8 0 95
183 89 49 0 1
184 90 20 1 146 (3,4)
185 91 28 1 111 (5,3)
186 92 15 1 54 (2,2)
189 93 1 0 397
189 94 45 0 551
192 95 7 0 148
192 96 16 1 554 (5,4)
194 97 49 0 79
197 98 8 1 94 (5,3)
201 99 9 1 391 (5,5)
203 100 16 0 313
SIGKILL Times
5 57
9 25
11 88
12 92
16 97
19 98
23 87
25 78
29 80
30 5
31 4
33 62
35 24
35 42
36 31
39 94
42 29
42 79
42 70
45 57
45 78
48 48
49 4
50 47
51 48
53 26
56 32
57 91
61 31
65 75
67 60
68 50
69 80
71 20
73 75
74 29
78 83
79 48
83 83
86 43
89 63
90 6
93 43
97 9
97 45
101 34
105 3
109 8
111 57
111 48
112 15
116 42
118 82
121 96
122 40
