2 4 3 3
5
18 31 110 1
9
107
1 1 82 131 0
2 2 1 78 4 (12,13),(24,26),(45,29),(66,18)
4 3 74 34 0
4 4 25 105 4 (8,8),(31,7),(35,12),(58,28)
4 5 100 53 0 
4 6 76 170 0
6 7 108 52 0
9 8 6 120 0
11 9 110 68 0
11 10 75 81 0
14 11 112 77 0
14 12 53 114 0
15 13 121 150 3 (16,27),(32,14),(41,7)
16 14 84 85 0
19 15 64 9 0
22 16 28 139 0
23 17 125 180 0
25 18 147 30 0
26 19 1 85 0
29 20 40 111 0
29 21 39 57 0
32 22 131 132 3 (4,9),(24,22),(31,19)
32 23 110 56 0
33 24 46 16 0 
33 25 138 166 0
35 26 72 74 4 (21,5),(33,26),(51,20),(72,23)
36 27 63 182 0
37 28 74 139 1 (7,5)
39 29 96 157 0
40 30 24 127 0
40 31 28 14 0
41 32 34 104 3 (21,21),(39,7),(53,11)
42 33 68 174 0
45 34 54 187 0
47 35 72 58 0
48 36 100 187 0
50 37 69 64 0
53 38 144 127 0
53 39 48 39 0
56 40 114 147 0
57 41 93 86 0
60 42 7 6 0
62 43 140 123 0
65 44 24 194 3 (16,22),(19,12),(32,21)
68 45 128 185 0
68 46 93 39 0
70 47 129 140 1 (7,21)
71 48 90 152 0
73 49 120 67 0
76 50 8 52 2 (18,10),(28,12)
79 51 107 16 0
79 52 45 149 0
82 53 76 79 0
83 54 94 17 0
85 55 70 85 0
86 56 83 175 0
88 57 118 189 0
90 58 32 154 4 (12,15),(30,28),(38,23),(43,5)
90 59 137 20 0 
90 60 121 11 0
92 61 17 101 0
93 62 70 161 0
94 63 95 97 0
94 64 76 36 0
97 65 102 94 3 (19,26),(25,23),(31,7)
99 66 24 54 0
100 67 90 25 1 (14,20)
103 68 5 169 0
105 69 32 17 0
107 70 99 112 0
107 71 108 131 0
108 72 128 33 0
109 73 114 181 0
111 74 7 62 4 (12,11),(27,28),(40,18),(60,25)
112 75 48 47 0
114 76 64 178 0
116 77 84 1 0
119 78 125 18 0
121 79 55 161 0
122 80 113 17 0
124 81 24 17 3 (18,9),(24,18),(46,5)
126 82 92 57 0
128 83 43 51 2 (10,13),(20,8)
131 84 79 104 0
132 85 136 161 0
135 86 23 138 1 (8,25)
138 87 113 128 0
141 88 11 52 0
143 89 75 149 0
144 90 125 192 0
145 91 81 191 0
148 92 47 78 0
151 93 101 110 0
153 94 82 137 0
154 95 144 21 0
156 96 101 53 0
157 97 88 171 0
157 98 104 155 0
160 99 41 116 0
163 100 117 192 0
166 101 136 175 0
169 102 114 166 0
169 103 38 70 0
169 104 136 74 0
169 105 16 104 0
172 106 37 196 0
173 107 43 130 0

SIGKILL Times
18 2
44 77
72 40
110 40
